112 120 112 120 95 74 63 74 63 74 47 59 31 58 31 46 21 29 20 29 20 29 
125 120 125 120 123 99 122 99 96 72 70 47 41 23 13 18 13 13 8 9 8 6 8 6 
125 105 125 105 100 82 75 54 20 45 15 44 10 30 5 22 3 21 2 13 2 13 
120 120 90 120 60 120 50 99 32 98 23 77 23 56 11 35 10 16 6 16 3 12 1 11 
120 120 120 120 89 80 71 64 40 63 30 63 14 62 11 33 11 33 5 21 3 12 1 11 
108 120 108 100 90 75 60 50 59 25 59 20 18 15 14 9 13 9 13 9 
125 105 100 105 75 90 50 90 24 72 19 53 19 44 12 43 8 43 4 41 3 41 2 19 2 18 
120 120 120 120 99 96 79 72 59 54 31 36 22 18 7 15 5 14 3 8 2 3 1 3 
120 120 120 120 96 94 80 69 64 42 48 41 47 32 31 32 31 23 12 22 12 22 
120 108 120 108 99 90 99 75 59 59 29 46 14 33 7 21 7 21 
108 120 90 80 47 64 39 63 39 34 19 33 14 14 10 8 10 8 
105 120 84 120 56 99 48 98 24 71 20 44 20 23 16 22 12 12 12 12 11 7 11 4 11 4 
108 120 71 120 70 64 58 35 46 26 34 25 28 15 21 9 15 4 15 4 
120 120 120 120 98 96 98 96 77 60 77 36 57 12 42 9 27 6 21 2 15 1 
108 120 107 120 70 75 70 75 58 29 48 28 38 14 28 13 21 3 15 1 
105 120 70 120 35 80 28 48 21 48 14 48 7 12 6 8 5 6 4 3 3 1 
125 125 100 99 99 74 59 49 59 32 28 32 22 15 15 10 7 5 4 3 2 2 1 2 
108 120 72 95 36 71 30 58 24 33 18 32 18 23 13 23 13 14 13 13 6 8 6 8 
105 120 105 80 89 80 70 31 58 23 38 23 30 15 30 15 22 11 20 7 12 3 11 2 
120 120 90 120 48 99 36 79 18 79 15 78 14 36 14 24 10 24 10 12 9 12 
105 125 105 75 69 50 59 20 47 12 35 6 17 6 7 3 4 2 4 2 
120 120 120 99 80 99 60 74 48 59 47 59 31 59 22 43 11 42 11 27 7 12 7 12 
105 120 105 120 84 90 48 60 30 60 30 31 30 22 22 15 15 9 15 9 
125 105 124 70 98 40 72 32 56 31 40 22 22 21 22 15 22 6 22 5 
120 120 119 80 99 47 74 16 57 12 42 12 28 12 14 8 8 8 5 4 3 4 3 3 
