120 120 119 96 88 80 73 80 58 36 29 35 29 15 19 14 15 5 15 3 11 3 
125 120 125 120 100 95 60 59 29 38 14 30 11 21 8 19 5 9 3 5 3 2 3 2 
120 125 120 125 96 100 95 80 70 60 58 45 33 30 15 15 9 12 3 9 3 9 
120 105 90 89 50 88 20 70 15 52 10 36 5 26 4 26 3 11 2 11 2 5 2 2 
120 120 120 120 89 88 88 87 87 87 57 87 45 47 32 46 23 28 14 26 6 19 6 12 
125 120 100 118 80 91 80 90 47 74 35 73 23 52 17 25 11 11 5 11 
120 120 119 100 117 80 116 48 96 32 95 12 60 12 44 8 43 8 27 4 26 4 19 2 13 1 
108 108 108 108 90 89 90 89 89 89 70 88 51 43 32 27 20 18 9 8 7 5 7 4 
108 120 108 120 72 90 50 60 32 24 32 18 15 14 15 11 6 10 2 4 1 4 
120 120 120 120 89 98 89 97 48 77 48 36 47 26 47 20 47 20 
120 120 96 117 96 96 96 76 36 56 36 41 12 31 8 30 8 30 
120 120 120 119 120 99 120 79 90 59 60 39 35 29 23 18 16 13 10 13 5 9 3 8 3 8 
112 120 95 100 95 100 70 59 69 59 50 44 40 43 30 26 22 25 14 19 
120 125 120 125 100 125 100 100 75 99 40 99 20 99 14 99 9 50 6 50 4 39 
112 120 96 120 96 99 64 99 63 79 61 59 60 59 43 39 40 29 40 22 
108 108 108 108 90 108 72 108 54 108 54 90 30 71 30 70 15 51 11 32 7 20 
120 120 119 119 98 119 97 74 56 73 56 48 32 23 31 17 30 12 13 7 12 4 7 4 
120 108 118 90 77 72 45 36 22 23 14 19 10 15 10 15 10 11 6 7 6 7 6 7 
120 120 90 118 60 86 25 69 19 54 14 40 8 14 6 13 5 8 3 3 2 2 2 1 
125 120 125 120 100 120 80 98 36 78 18 58 6 43 3 28 2 27 2 21 1 21 
120 120 118 96 97 80 95 48 93 32 92 16 91 12 71 12 51 8 33 5 
120 120 96 89 80 89 64 58 48 58 31 46 23 45 23 22 15 22 15 14 11 4 7 3 
120 125 120 125 100 100 80 75 64 60 36 30 23 20 15 10 5 7 5 5 
120 120 120 120 99 90 98 72 77 48 46 35 33 26 33 17 15 11 9 7 
120 125 90 124 60 98 30 97 24 57 24 57 14 33 14 21 8 21 4 9 3 4 2 1 
