192 216 160 216 120 180 80 150 64 125 48 100 24 75 16 50 8 25 7 20 7 15 7 10 6 5 6 4 6 4 
210 210 180 175 180 150 150 150 125 125 100 125 100 100 80 80 64 80 48 80 32 80 32 80 
210 196 210 196 175 168 140 140 105 120 70 90 35 60 30 30 24 25 18 25 12 20 10 16 8 12 8 12 8 12 
216 210 180 210 144 210 108 168 90 140 72 112 54 96 45 96 45 72 36 48 27 36 18 18 18 18 
196 210 196 210 147 210 98 168 49 126 42 108 35 90 30 72 25 54 25 36 20 18 15 12 15 10 10 8 10 8 
210 200 210 160 180 120 150 96 120 72 90 48 60 24 48 21 36 21 24 14 24 14 
210 192 210 144 168 96 126 80 84 64 70 64 56 48 42 32 28 16 14 8 12 7 10 7 10 7 
210 216 210 216 168 180 140 144 112 108 84 72 56 36 56 30 42 30 28 30 14 30 7 30 7 30 
192 210 192 180 192 150 192 120 192 90 192 60 160 30 120 24 96 18 72 12 48 6 24 6 16 5 14 4 14 4 
210 210 210 180 210 150 168 125 140 100 105 75 84 75 56 60 48 48 40 36 32 24 24 12 24 12 
210 200 168 160 126 120 84 105 70 105 35 84 28 63 21 42 21 21 21 21 
196 210 196 210 168 175 140 140 112 105 84 70 56 35 28 28 21 21 14 18 7 18 6 15 6 12 5 9 4 6 4 6 
196 210 196 210 168 210 168 180 168 150 144 150 120 125 96 100 96 75 96 50 72 25 72 25 
210 210 175 210 140 180 140 144 120 120 90 96 90 72 90 72 
168 216 168 216 168 180 112 144 98 144 84 120 84 90 70 90 70 90 70 90 
210 210 210 180 168 150 126 120 84 100 70 80 56 60 56 60 
210 210 210 168 175 126 140 105 105 84 90 84 75 63 75 63 60 63 45 63 45 63 
210 200 210 200 175 160 140 120 105 80 70 70 35 70 30 70 30 60 25 60 25 50 20 40 15 40 15 40 
210 200 210 160 180 120 144 80 120 64 90 48 90 48 
216 210 216 210 180 168 180 140 150 112 125 84 100 56 75 28 75 28 
210 210 180 210 144 175 120 150 96 125 72 100 48 75 24 50 20 40 20 40 16 30 16 30 12 20 8 20 8 20 8 16 8 16 
210 210 210 180 175 150 140 120 105 90 70 75 35 75 28 60 21 60 14 45 7 45 6 30 6 15 6 15 
216 200 216 200 180 160 144 128 120 96 96 72 72 48 48 42 24 36 18 30 18 30 
210 210 210 180 180 150 150 120 120 90 90 75 60 75 30 60 24 60 18 40 15 30 12 20 9 20 9 20 
210 210 210 175 180 140 144 112 120 84 96 63 80 42 64 21 48 14 32 7 32 7 
