192 216 192 216 168 180 168 179 167 178 124 147 105 117 105 78 72 77 71 56 44 55 44 31 9 30 4 28 4 28 
192 210 190 167 142 167 93 142 67 117 46 91 46 90 45 72 45 57 45 41 45 40 45 40 
196 210 195 210 165 206 136 203 108 201 80 198 80 165 78 135 76 134 75 132 63 103 31 64 16 48 15 4 14 4 
210 192 210 191 210 165 179 140 147 138 116 112 92 91 48 70 18 43 11 22 5 7 2 3 1 3 
216 216 216 216 150 177 150 141 149 105 149 86 60 67 60 43 59 21 24 15 14 10 8 10 8 5 5 3 5 1 
210 216 180 216 179 179 149 149 118 147 94 146 69 87 51 86 33 39 31 38 31 38 
192 210 144 210 126 178 126 147 84 146 72 115 72 67 71 42 49 16 48 9 12 9 8 6 7 6 
200 210 200 180 199 150 173 125 146 100 144 100 113 99 82 72 52 56 51 28 27 26 18 3 4 1 
168 210 166 180 142 180 117 178 92 175 79 173 79 45 51 18 36 12 10 4 6 4 4 2 3 2 2 2 2 2 
210 210 175 168 139 126 103 104 88 83 73 62 58 41 29 35 19 19 15 19 10 13 3 4 1 3 
210 210 208 175 176 150 175 150 174 125 141 124 115 78 112 57 109 56 109 56 
210 210 175 210 150 150 123 149 98 147 73 145 48 144 24 142 24 142 24 142 24 13 15 13 14 13 8 8 7 7 4 6 
210 210 210 210 173 208 138 177 118 140 80 93 60 68 48 68 36 10 23 9 17 3 17 3 
200 210 200 208 174 175 148 173 121 141 94 139 93 90 93 90 
210 192 210 190 208 166 170 122 134 99 90 75 89 62 88 40 26 31 26 31 
210 210 210 209 168 205 126 201 83 167 68 134 36 108 36 108 
196 200 168 158 111 156 81 155 39 153 19 150 12 148 5 83 3 53 3 20 1 19 
210 210 209 168 206 126 170 83 132 69 94 54 78 26 61 13 45 11 15 9 10 9 5 7 4 7 3 1 
192 216 191 216 159 214 126 212 109 89 91 87 90 86 
192 210 192 210 167 207 142 163 104 161 84 102 65 101 53 54 53 54 
210 210 209 210 171 150 135 149 112 98 91 57 90 45 89 45 88 16 87 16 67 16 66 16 65 6 64 4 12 3 6 3 4 1 
216 210 215 175 177 139 141 104 141 69 105 21 87 14 50 7 16 6 11 3 10 2 9 2 4 2 1 2 
200 210 200 175 174 175 149 175 148 139 117 111 75 70 42 51 29 48 19 12 19 12 
210 196 210 196 173 125 88 103 88 81 86 52 47 52 23 51 18 12 18 5 13 5 13 4 10 2 10 2 
210 216 208 179 205 148 172 117 139 86 108 67 80 48 79 21 78 10 78 10 48 9 
