216 210 216 209 180 205 149 162 148 120 147 100 145 82 144 81 86 80 67 52 67 33 36 20 20 12 8 1 8 1 
216 216 213 216 211 179 172 141 139 103 139 84 139 66 108 47 78 26 77 20 47 19 47 19 
192 216 192 180 168 179 144 142 120 140 120 116 95 91 94 66 70 32 38 16 38 15 14 8 6 4 4 2 1 1 
210 210 209 210 207 174 164 172 120 146 80 96 57 57 40 56 40 30 30 15 8 5 4 4 4 4 
200 210 200 210 160 173 140 147 111 121 83 119 55 93 47 72 46 71 45 70 27 49 27 48 27 12 27 4 26 1 
210 210 168 207 144 174 144 171 120 139 120 139 88 76 69 73 44 54 31 43 20 43 
210 210 209 210 173 174 171 138 169 118 168 87 143 46 117 20 74 20 55 19 21 8 20 3 20 1 
216 168 214 112 177 98 140 98 104 98 86 97 70 47 52 39 33 33 19 32 13 31 13 21 7 11 
210 210 209 210 165 142 122 116 80 95 39 74 32 55 26 26 19 19 14 18 7 17 4 7 2 2 1 2 1 2 
200 210 200 208 159 165 139 138 100 136 80 135 80 135 60 134 48 133 24 83 7 47 3 46 2 45 
210 210 207 210 205 179 173 148 140 122 109 97 87 76 52 56 40 24 40 24 
192 210 190 179 157 149 136 124 136 98 116 97 116 96 95 94 95 94 74 93 36 92 33 15 24 11 8 8 7 5 7 4 
200 216 200 216 160 177 127 175 94 144 61 113 44 82 35 81 35 44 35 22 35 5 35 2 
216 192 216 144 178 95 147 71 115 47 83 35 54 34 54 34 
216 210 179 180 177 150 140 120 103 70 102 52 84 22 68 14 53 7 53 7 
192 210 191 210 157 180 136 179 135 98 99 97 76 56 47 56 
210 216 207 215 163 176 134 138 104 114 65 88 65 63 52 62 30 29 19 18 8 8 
168 216 168 216 147 216 147 216 126 216 125 216 103 149 81 148 59 97 59 62 59 45 38 29 18 12 11 9 
210 216 180 214 179 178 149 146 119 142 88 116 58 116 
210 196 175 195 140 191 88 162 47 137 36 112 28 70 20 69 20 69 
210 192 168 192 138 159 110 120 82 120 54 119 40 118 34 118 33 117 22 117 11 56 7 56 5 43 5 42 5 13 3 13 3 3 
192 210 159 175 158 150 118 150 103 149 86 149 86 149 84 51 64 23 45 3 44 2 34 2 33 2 20 2 
210 210 175 208 150 163 125 161 100 160 99 118 98 97 57 96 43 52 23 38 23 38 
210 210 209 209 171 164 133 135 131 107 110 90 110 90 73 88 71 86 42 84 21 61 15 33 15 15 15 15 
192 192 192 190 144 156 94 134 41 134 35 133 28 72 27 56 17 55 17 30 17 19 
