105 120 105 120 70 100 35 100 30 80 25 60 20 40 20 32 20 24 20 24 16 16 12 8 12 8 
120 125 120 125 96 100 96 75 80 50 64 50 48 50 32 25 16 20 12 15 8 12 4 12 3 9 3 9 
120 120 96 120 72 100 54 75 54 50 36 25 36 20 18 15 15 12 10 8 5 4 4 3 3 3 2 2 2 2 
125 120 125 120 100 90 75 72 60 60 48 60 48 48 48 48 36 48 24 36 16 24 12 24 8 18 8 12 8 12 
120 125 120 125 96 100 72 80 48 64 24 48 18 32 18 16 18 12 12 8 12 4 12 4 
105 120 90 120 90 90 90 90 75 60 75 30 60 24 45 24 45 24 30 20 15 15 15 15 
120 120 96 96 80 72 64 48 48 24 32 24 16 18 12 12 12 6 8 5 8 5 
125 120 100 120 100 100 80 80 60 60 45 45 30 30 15 15 12 12 12 12 
120 120 90 120 75 100 75 100 60 80 60 80 60 80 45 60 45 48 45 32 36 32 27 16 18 12 18 12 
108 105 108 105 90 70 72 60 48 30 24 25 18 25 15 20 15 15 15 15 15 10 12 5 12 5 
120 120 120 120 90 96 60 72 50 48 40 24 40 20 32 16 16 16 12 12 12 8 12 8 
120 120 96 120 72 100 48 100 36 80 24 80 12 60 6 60 5 40 5 20 4 15 4 10 3 5 2 4 2 4 
120 112 120 112 90 84 72 56 48 48 24 48 18 40 12 32 6 32 5 24 4 16 4 16 3 16 3 16 
120 125 120 125 100 100 100 75 100 60 100 45 80 30 80 20 60 16 60 12 40 12 20 8 20 8 16 4 16 4 
120 125 120 125 90 100 75 80 75 60 75 40 60 20 40 16 20 16 16 12 16 12 12 8 8 8 8 8 
120 120 90 120 75 100 50 80 40 80 30 60 20 48 10 36 8 24 8 12 6 8 3 8 2 4 1 4 
108 120 90 96 90 72 60 48 30 24 24 18 24 12 18 6 18 5 18 5 18 5 
125 108 100 72 75 60 50 48 25 36 20 24 20 20 20 20 
120 120 100 120 100 90 80 72 80 54 60 36 60 18 40 15 20 15 20 12 16 12 16 12 
120 112 120 112 96 96 72 96 54 96 36 96 30 96 15 80 10 80 5 64 4 64 3 48 3 32 2 24 2 24 
120 120 120 120 90 96 60 72 50 48 25 24 20 20 15 16 12 16 12 12 9 8 6 4 6 3 3 3 3 3 
120 125 90 125 60 100 30 80 24 60 18 40 12 30 6 20 5 10 4 8 4 8 
120 125 120 125 96 100 72 80 54 80 36 80 18 60 12 60 10 40 8 40 6 20 4 15 2 10 1 10 
120 108 96 72 80 36 64 30 48 24 32 18 16 15 12 12 8 12 6 9 6 6 4 6 4 6 
120 120 120 120 100 100 100 80 80 80 80 64 64 48 48 32 32 24 16 16 12 8 12 6 8 6 4 4 3 4 3 4 
