120 120 120 120 90 100 90 80 48 60 24 40 24 20 24 15 8 10 4 5 3 4 2 3 1 3 
120 120 90 120 60 100 50 100 50 60 40 48 30 27 16 18 8 9 6 6 4 3 4 3 2 2 1 1 
120 120 120 120 90 100 72 100 54 64 36 64 18 32 15 32 15 16 12 12 9 9 9 6 8 3 5 2 4 1 
125 120 125 120 100 95 100 93 99 75 59 59 59 59 44 59 29 43 18 43 14 21 10 15 6 10 3 9 3 9 
105 108 84 90 72 90 60 90 60 90 48 35 36 17 16 17 16 11 12 11 8 7 4 7 
120 105 118 70 93 47 69 34 56 22 44 10 31 5 19 4 14 4 9 2 9 2 9 2 
112 125 112 124 111 98 83 78 71 56 71 27 59 12 47 9 46 6 34 2 21 1 
105 125 104 125 83 99 61 78 40 56 28 55 27 35 27 34 20 12 20 12 
120 120 120 119 75 88 60 88 45 58 30 48 15 38 10 28 8 28 8 22 6 22 4 22 4 22 1 22 
125 120 125 120 99 100 98 80 72 60 71 48 71 36 28 27 22 18 16 9 6 6 3 6 3 6 
125 120 125 120 100 117 60 115 30 84 19 68 12 67 8 51 8 51 4 27 4 19 2 19 
125 125 125 125 100 100 100 80 99 60 45 40 45 20 20 15 20 10 10 5 8 4 3 4 3 3 2 2 1 2 
120 108 120 108 99 72 99 60 79 48 79 36 79 30 78 20 44 10 44 5 23 5 23 3 16 2 9 1 
120 120 120 90 90 60 75 25 60 20 40 20 30 16 20 12 10 12 8 8 6 8 6 4 2 3 2 2 1 2 
125 120 125 120 100 100 75 100 60 60 60 60 60 40 60 30 20 20 8 20 8 12 4 8 3 3 2 1 
84 120 84 119 70 87 56 56 28 55 21 54 14 53 7 53 6 52 6 52 5 52 5 11 3 5 2 3 
120 120 120 99 99 79 74 78 39 77 19 75 14 74 10 57 5 42 2 26 1 26 
120 120 118 120 86 100 55 79 35 39 19 19 9 15 9 15 
120 120 96 120 79 80 79 64 78 64 57 36 57 24 33 23 24 8 15 4 9 4 9 4 
108 120 108 120 72 95 36 94 36 70 30 52 24 33 18 23 12 15 6 11 5 5 4 3 3 3 2 3 1 3 
125 108 125 90 100 90 80 90 80 90 60 75 60 48 48 48 36 48 24 36 11 36 7 27 4 18 2 9 1 9 
120 120 119 120 97 80 97 45 75 15 58 10 42 8 27 8 12 6 8 2 4 1 
112 120 112 120 96 120 96 96 72 72 54 54 36 36 24 36 24 18 12 18 12 12 6 6 3 5 1 4 
120 120 120 120 96 96 60 96 60 48 32 48 24 16 24 16 16 8 16 6 6 4 6 2 3 1 
120 120 120 120 95 90 94 72 94 72 69 53 56 52 44 52 44 34 21 18 9 18 9 6 6 6 4 3 4 2 2 1 
