125 120 125 90 100 75 80 50 60 40 48 40 36 32 24 24 12 16 12 8 8 4 8 4 
108 120 90 120 72 96 54 96 54 72 45 72 36 54 27 36 18 18 9 15 9 15 
125 112 125 112 100 84 75 63 50 42 40 21 30 18 20 18 10 15 8 15 8 12 4 8 3 4 3 3 3 3 
120 120 120 120 100 120 75 120 50 90 25 60 25 30 20 25 15 20 10 16 5 12 4 8 3 4 3 4 
120 120 90 120 75 100 60 75 60 60 48 40 36 40 24 20 12 20 8 16 4 12 3 8 3 4 3 4 
105 120 105 120 90 90 72 75 54 60 36 60 18 60 12 60 6 45 5 30 4 15 3 12 3 12 
125 120 100 120 75 90 60 60 45 30 30 25 15 20 12 20 12 15 8 10 4 5 4 5 
120 120 120 120 100 96 100 72 100 48 80 36 80 36 60 36 40 36 40 36 
120 120 120 100 90 100 60 80 50 60 40 40 40 40 40 40 
105 125 105 100 70 100 56 100 28 75 24 75 24 50 20 25 20 25 16 20 16 15 16 15 
120 120 90 120 90 90 90 75 90 60 60 45 60 30 48 15 36 12 18 12 18 8 12 4 12 4 
105 125 105 125 90 100 90 80 90 80 90 60 60 60 48 40 36 20 24 20 12 20 12 20 
120 120 120 120 96 96 72 80 54 80 54 60 54 45 54 30 36 15 18 12 12 8 10 4 10 4 
120 125 90 100 75 100 75 100 60 80 45 60 30 45 20 45 10 30 5 30 5 30 
120 120 120 120 100 120 100 120 80 100 60 80 40 60 20 45 15 30 12 15 12 12 12 9 12 9 
125 120 125 120 100 100 75 100 60 80 60 80 45 60 45 60 30 48 30 36 30 24 15 16 12 16 12 16 
108 120 108 90 90 60 75 30 60 24 45 24 30 18 30 12 15 10 15 5 15 5 
125 125 125 125 100 100 80 80 60 60 48 60 36 60 24 60 12 48 12 36 8 24 4 12 4 12 
125 105 100 105 75 84 50 72 25 60 20 60 16 48 16 48 12 36 12 24 8 12 8 12 
120 120 120 120 96 100 80 80 80 60 64 40 64 40 48 20 48 20 32 15 16 10 16 5 12 4 12 4 
105 125 105 125 105 100 70 75 56 60 48 60 48 60 40 45 40 45 40 30 32 15 24 15 24 10 16 5 16 5 
120 120 120 120 100 96 80 96 80 72 64 54 48 45 48 30 32 15 32 12 16 9 12 6 8 3 4 2 4 2 
125 120 100 100 100 80 80 60 64 40 48 20 48 16 32 12 24 12 16 8 16 8 
125 112 125 112 100 84 80 56 60 42 45 28 30 24 15 24 10 12 5 10 4 8 3 8 2 8 2 8 
120 120 120 120 90 96 90 72 72 48 54 36 36 24 18 12 12 10 12 10 6 5 6 4 6 4 
