120 120 120 120 100 100 100 60 100 40 48 15 48 10 48 5 24 4 23 3 14 2 5 1 
120 120 120 120 100 75 60 75 45 29 30 19 15 19 12 7 11 4 8 2 8 1 
125 125 100 124 100 98 50 97 50 96 25 96 25 95 20 94 15 37 10 27 5 27 4 26 3 25 2 24 1 24 
120 105 96 84 72 72 40 72 40 60 16 60 12 60 9 47 9 35 6 35 6 35 3 25 2 23 1 23 
108 120 108 119 72 88 36 73 30 71 24 55 18 55 12 23 6 14 5 6 4 6 3 4 2 3 1 3 
120 125 120 125 100 100 80 64 60 64 40 36 40 24 20 16 20 8 20 4 15 3 10 2 5 1 
120 125 119 100 98 60 77 30 56 30 40 23 40 11 24 10 24 4 15 2 15 2 7 1 
120 108 120 108 90 88 60 86 45 67 24 55 8 35 6 24 4 23 2 23 
120 120 90 119 72 94 45 69 24 45 12 26 8 25 4 25 
125 120 124 120 99 99 74 79 49 59 20 28 15 18 15 9 10 6 10 6 5 4 5 4 
120 105 120 105 90 90 50 90 50 74 20 58 20 46 10 33 4 20 4 9 3 5 2 2 1 2 
108 120 108 120 90 95 48 71 36 47 12 35 6 34 5 16 4 8 3 5 3 3 2 1 
125 105 125 105 100 81 100 81 44 68 29 50 19 32 19 26 15 20 11 20 7 15 3 10 3 10 
125 120 123 120 97 119 76 73 55 72 43 56 21 28 15 27 15 11 15 11 15 11 
120 120 96 99 72 78 40 77 20 57 15 42 10 42 5 41 4 40 4 16 2 7 2 5 1 5 
120 112 96 112 72 112 72 84 72 63 45 36 45 36 24 15 24 15 9 8 6 4 3 3 2 3 1 3 
120 120 100 119 79 88 62 70 46 48 30 32 21 16 20 12 14 11 14 5 14 5 
120 120 120 120 99 100 79 99 79 99 63 98 46 62 30 46 22 26 8 11 6 11 3 7 2 7 
125 120 100 120 79 80 79 80 58 80 43 79 43 24 28 12 22 8 14 6 10 6 10 6 
120 120 120 120 96 100 72 100 48 60 40 48 24 48 24 36 12 36 12 24 4 18 4 6 2 6 1 5 
120 120 120 96 96 72 72 72 72 72 54 36 36 18 30 12 15 10 10 10 10 5 5 4 5 3 5 2 5 1 
125 112 125 112 99 84 99 63 74 54 48 45 32 36 12 36 8 24 8 12 8 8 4 3 4 3 3 2 1 2 
105 125 105 123 60 97 50 70 40 70 31 55 14 39 10 31 7 23 4 15 4 15 
120 120 100 120 100 90 80 90 80 60 60 48 60 48 32 48 32 48 24 18 12 12 12 6 4 3 2 1 
120 120 120 100 90 100 72 64 60 64 60 64 47 36 47 36 47 12 47 6 46 3 33 2 33 1 
